0   8.00E+00    8.00E+00    8.00E+00    8.00E+00    0.00E+00    0.00E+00
1   7.99E+00    7.99E+00    7.99E+00    7.99E+00    -6.29E-04   -4.37E-04
2   7.97E+00    7.97E+00    7.97E+00    7.97E+00    -2.51E-03   -1.74E-03
3   7.95E+00    7.95E+00    7.95E+00    7.95E+00    -5.63E-03   -3.91E-03
4   7.91E+00    7.91E+00    7.91E+00    7.91E+00    -9.95E-03   -6.92E-03
5   7.86E+00    7.86E+00    7.86E+00    7.86E+00    -1.54E-02   -1.07E-02
6   7.80E+00    7.80E+00    7.80E+00    7.80E+00    -2.21E-02   -1.53E-02
7   7.73E+00    7.73E+00    7.72E+00    7.72E+00    -2.97E-02   -2.07E-02
8   7.64E+00    7.64E+00    7.64E+00    7.64E+00    -3.84E-02   -2.67E-02
9   7.55E+00    7.55E+00    7.55E+00    7.55E+00    -4.80E-02   -3.35E-02
10  7.45E+00    7.45E+00    7.45E+00    7.45E+00    -5.84E-02   -4.08E-02
11  7.34E+00    7.34E+00    7.34E+00    7.34E+00    -6.96E-02   -4.86E-02
12  7.23E+00    7.23E+00    7.23E+00    7.23E+00    -8.15E-02   -5.69E-02
13  7.10E+00    7.10E+00    7.10E+00    7.10E+00    -9.40E-02   -6.57E-02
14  6.97E+00    6.97E+00    6.97E+00    6.97E+00    -1.07E-01   -7.47E-02
15  6.83E+00    6.83E+00    6.83E+00    6.83E+00    -1.20E-01   -8.41E-02
16  6.68E+00    6.68E+00    6.68E+00    6.68E+00    -1.34E-01   -9.36E-02
17  6.53E+00    6.53E+00    6.53E+00    6.53E+00    -1.47E-01   -1.03E-01
18  6.38E+00    6.38E+00    6.37E+00    6.37E+00    -1.61E-01   -1.13E-01
19  6.22E+00    6.22E+00    6.21E+00    6.21E+00    -1.75E-01   -1.23E-01
20  6.05E+00    6.05E+00    6.05E+00    6.05E+00    -1.88E-01   -1.32E-01
21  5.88E+00    5.88E+00    5.88E+00    5.88E+00    -2.01E-01   -1.42E-01
22  5.71E+00    5.71E+00    5.70E+00    5.70E+00    -2.14E-01   -1.51E-01
23  5.54E+00    5.54E+00    5.53E+00    5.53E+00    -2.27E-01   -1.60E-01
24  5.36E+00    5.36E+00    5.35E+00    5.35E+00    -2.39E-01   -1.69E-01
25  5.19E+00    5.19E+00    5.18E+00    5.18E+00    -2.50E-01   -1.77E-01
26  5.01E+00    5.01E+00    5.00E+00    5.00E+00    -2.61E-01   -1.85E-01
27  4.83E+00    4.83E+00    4.82E+00    4.82E+00    -2.72E-01   -1.92E-01
28  4.66E+00    4.66E+00    4.64E+00    4.64E+00    -2.81E-01   -1.99E-01
29  4.48E+00    4.48E+00    4.47E+00    4.47E+00    -2.90E-01   -2.05E-01
30  4.31E+00    4.31E+00    4.29E+00    4.29E+00    -2.98E-01   -2.11E-01
31  4.14E+00    4.14E+00    4.12E+00    4.12E+00    -3.05E-01   -2.16E-01
32  3.97E+00    3.97E+00    3.95E+00    3.95E+00    -3.12E-01   -2.20E-01
33  3.80E+00    3.80E+00    3.78E+00    3.78E+00    -3.17E-01   -2.24E-01
34  3.64E+00    3.64E+00    3.61E+00    3.61E+00    -3.22E-01   -2.27E-01
35  3.48E+00    3.48E+00    3.45E+00    3.45E+00    -3.26E-01   -2.30E-01
36  3.33E+00    3.33E+00    3.29E+00    3.29E+00    -3.29E-01   -2.32E-01
37  3.17E+00    3.17E+00    3.14E+00    3.14E+00    -3.32E-01   -2.33E-01
38  3.02E+00    3.02E+00    2.99E+00    2.99E+00    -3.34E-01   -2.33E-01
39  2.88E+00    2.88E+00    2.83E+00    2.84E+00    -3.34E-01   -2.33E-01
40  2.74E+00    2.74E+00    2.69E+00    2.70E+00    -3.35E-01   -2.33E-01
41  2.61E+00    2.61E+00    2.55E+00    2.56E+00    -3.34E-01   -2.31E-01
42  2.48E+00    2.48E+00    2.41E+00    2.43E+00    -3.33E-01   -2.30E-01
43  2.35E+00    2.35E+00    2.29E+00    2.30E+00    -3.31E-01   -2.27E-01
44  2.23E+00    2.23E+00    2.17E+00    2.18E+00    -3.29E-01   -2.25E-01
45  2.11E+00    2.11E+00    2.06E+00    2.06E+00    -3.27E-01   -2.21E-01
46  2.00E+00    2.00E+00    1.95E+00    1.95E+00    -3.23E-01   -2.18E-01
47  1.90E+00    1.90E+00    1.85E+00    1.84E+00    -3.20E-01   -2.14E-01
48  1.80E+00    1.80E+00    1.75E+00    1.74E+00    -3.16E-01   -2.09E-01
49  1.70E+00    1.70E+00    1.66E+00    1.64E+00    -3.11E-01   -2.04E-01
50  1.61E+00    1.61E+00    1.57E+00    1.55E+00    -3.07E-01   -1.99E-01
51  1.52E+00    1.52E+00    1.48E+00    1.46E+00    -3.02E-01   -1.94E-01
52  1.44E+00    1.44E+00    1.40E+00    1.38E+00    -2.97E-01   -1.88E-01
53  1.36E+00    1.36E+00    1.32E+00    1.30E+00    -2.92E-01   -1.83E-01
54  1.28E+00    1.28E+00    1.24E+00    1.22E+00    -2.86E-01   -1.77E-01
55  1.21E+00    1.21E+00    1.17E+00    1.15E+00    -2.81E-01   -1.71E-01
56  1.15E+00    1.15E+00    1.10E+00    1.09E+00    -2.75E-01   -1.65E-01
57  1.09E+00    1.09E+00    1.03E+00    1.03E+00    -2.69E-01   -1.58E-01
58  1.03E+00    1.03E+00    9.73E-01    9.68E-01    -2.64E-01   -1.52E-01
59  9.71E-01    9.71E-01    9.15E-01    9.13E-01    -2.58E-01   -1.46E-01
60  9.19E-01    9.19E-01    8.61E-01    8.61E-01    -2.52E-01   -1.40E-01
61  8.70E-01    8.70E-01    8.09E-01    8.09E-01    -2.47E-01   -1.34E-01
62  8.24E-01    8.24E-01    7.61E-01    7.61E-01    -2.41E-01   -1.28E-01
63  7.80E-01    7.80E-01    7.15E-01    7.15E-01    -2.35E-01   -1.22E-01
64  7.40E-01    7.40E-01    6.72E-01    6.72E-01    -2.30E-01   -1.16E-01
65  7.01E-01    7.01E-01    6.32E-01    6.32E-01    -2.24E-01   -1.10E-01
66  6.65E-01    6.65E-01    5.94E-01    5.94E-01    -2.19E-01   -1.04E-01
67  6.31E-01    6.31E-01    5.58E-01    5.58E-01    -2.14E-01   -9.83E-02
68  5.99E-01    5.99E-01    5.24E-01    5.24E-01    -2.09E-01   -9.28E-02
69  5.69E-01    5.69E-01    4.93E-01    4.93E-01    -2.04E-01   -8.74E-02
70  5.41E-01    5.41E-01    4.63E-01    4.63E-01    -1.99E-01   -8.22E-02
71  5.14E-01    5.14E-01    4.35E-01    4.35E-01    -1.94E-01   -7.71E-02
72  4.89E-01    4.89E-01    4.09E-01    4.09E-01    -1.89E-01   -7.22E-02
73  4.66E-01    4.66E-01    3.84E-01    3.84E-01    -1.85E-01   -6.74E-02
74  4.44E-01    4.44E-01    3.61E-01    3.61E-01    -1.80E-01   -6.28E-02
75  4.23E-01    4.23E-01    3.39E-01    3.39E-01    -1.76E-01   -5.83E-02
76  4.04E-01    4.04E-01    3.19E-01    3.19E-01    -1.72E-01   -5.39E-02
77  3.85E-01    3.85E-01    2.99E-01    2.99E-01    -1.68E-01   -4.98E-02
78  3.68E-01    3.68E-01    2.81E-01    2.81E-01    -1.64E-01   -4.57E-02
79  3.52E-01    3.52E-01    2.64E-01    2.64E-01    -1.60E-01   -4.18E-02
80  3.37E-01    3.37E-01    2.48E-01    2.48E-01    -1.56E-01   -3.81E-02
81  3.23E-01    3.23E-01    2.33E-01    2.33E-01    -1.52E-01   -3.45E-02
82  3.10E-01    3.10E-01    2.18E-01    2.18E-01    -1.49E-01   -3.10E-02
83  2.98E-01    2.98E-01    2.05E-01    2.05E-01    -1.45E-01   -2.77E-02
84  2.86E-01    2.86E-01    1.92E-01    1.92E-01    -1.42E-01   -2.44E-02
85  2.75E-01    2.75E-01    1.80E-01    1.80E-01    -1.39E-01   -2.13E-02
86  2.65E-01    2.65E-01    1.68E-01    1.68E-01    -1.36E-01   -1.84E-02
87  2.55E-01    2.55E-01    1.58E-01    1.58E-01    -1.32E-01   -1.55E-02
88  2.46E-01    2.46E-01    1.47E-01    1.47E-01    -1.29E-01   -1.27E-02
89  2.38E-01    2.38E-01    1.38E-01    1.38E-01    -1.26E-01   -1.01E-02
90  2.30E-01    2.30E-01    1.29E-01    1.29E-01    -1.24E-01   -7.54E-03
91  2.22E-01    2.22E-01    1.20E-01    1.20E-01    -1.21E-01   -5.09E-03
92  2.15E-01    2.15E-01    1.12E-01    1.12E-01    -1.18E-01   -2.73E-03
93  2.08E-01    2.08E-01    1.04E-01    1.04E-01    -1.15E-01   -4.58E-04
94  2.02E-01    2.02E-01    9.64E-02    9.64E-02    -1.13E-01   1.72E-03
95  1.96E-01    1.96E-01    8.93E-02    8.93E-02    -1.10E-01   3.82E-03
96  1.90E-01    1.90E-01    8.25E-02    8.25E-02    -1.08E-01   5.84E-03
97  1.85E-01    1.85E-01    7.61E-02    7.61E-02    -1.05E-01   7.79E-03
98  1.80E-01    1.80E-01    6.99E-02    6.99E-02    -1.03E-01   9.65E-03
99  1.75E-01    1.75E-01    6.41E-02    6.41E-02    -1.00E-01   1.14E-02
100 1.71E-01    1.71E-01    5.84E-02    5.84E-02    -9.81E-02   1.32E-02
101 1.66E-01    1.66E-01    5.30E-02    5.30E-02    -9.59E-02   1.48E-02
102 1.62E-01    1.62E-01    4.79E-02    4.79E-02    -9.36E-02   1.64E-02
103 1.59E-01    1.59E-01    4.29E-02    4.29E-02    -9.14E-02   1.80E-02
104 1.55E-01    1.55E-01    3.82E-02    3.82E-02    -8.92E-02   1.94E-02
105 1.52E-01    1.52E-01    3.36E-02    3.36E-02    -8.71E-02   2.08E-02
106 1.48E-01    1.48E-01    2.91E-02    2.91E-02    -8.50E-02   2.22E-02
107 1.45E-01    1.45E-01    2.49E-02    2.49E-02    -8.29E-02   2.35E-02
108 1.43E-01    1.43E-01    2.07E-02    2.07E-02    -8.08E-02   2.48E-02
109 1.40E-01    1.40E-01    1.67E-02    1.67E-02    -7.87E-02   2.60E-02
110 1.37E-01    1.37E-01    1.28E-02    1.28E-02    -7.67E-02   2.71E-02
111 1.35E-01    1.35E-01    9.06E-03    9.06E-03    -7.46E-02   2.82E-02
112 1.33E-01    1.33E-01    5.38E-03    5.38E-03    -7.26E-02   2.92E-02
113 1.31E-01    1.31E-01    1.78E-03    1.78E-03    -7.06E-02   3.02E-02
114 1.29E-01    1.29E-01    -1.73E-03   -1.73E-03   -6.85E-02   3.12E-02
115 1.27E-01    1.27E-01    -5.17E-03   -5.17E-03   -6.65E-02   3.21E-02
116 1.26E-01    1.26E-01    -8.55E-03   -8.55E-03   -6.45E-02   3.29E-02
117 1.24E-01    1.24E-01    -1.19E-02   -1.19E-02   -6.25E-02   3.38E-02
118 1.23E-01    1.23E-01    -1.51E-02   -1.51E-02   -6.05E-02   3.45E-02
119 1.22E-01    1.22E-01    -1.84E-02   -1.84E-02   -5.85E-02   3.52E-02
120 1.21E-01    1.21E-01    -2.16E-02   -2.16E-02   -5.65E-02   3.59E-02
121 1.20E-01    1.20E-01    -2.47E-02   -2.47E-02   -5.45E-02   3.66E-02
122 1.19E-01    1.19E-01    -2.79E-02   -2.79E-02   -5.25E-02   3.71E-02
123 1.18E-01    1.18E-01    -3.10E-02   -3.10E-02   -5.05E-02   3.77E-02
124 1.17E-01    1.17E-01    -3.41E-02   -3.41E-02   -4.85E-02   3.82E-02
125 1.17E-01    1.17E-01    -3.72E-02   -3.72E-02   -4.65E-02   3.86E-02
126 1.16E-01    1.16E-01    -4.04E-02   -4.04E-02   -4.45E-02   3.90E-02
127 1.16E-01    1.16E-01    -4.35E-02   -4.35E-02   -4.26E-02   3.93E-02
128 1.15E-01    1.15E-01    -4.66E-02   -4.66E-02   -4.06E-02   3.96E-02
129 1.15E-01    1.15E-01    -4.97E-02   -4.97E-02   -3.87E-02   3.99E-02
130 1.15E-01    1.15E-01    -5.28E-02   -5.28E-02   -3.68E-02   4.00E-02
131 1.15E-01    1.15E-01    -5.59E-02   -5.59E-02   -3.49E-02   4.02E-02
132 1.15E-01    1.15E-01    -5.91E-02   -5.91E-02   -3.30E-02   4.02E-02
133 1.15E-01    1.15E-01    -6.22E-02   -6.22E-02   -3.11E-02   4.02E-02
134 1.15E-01    1.15E-01    -6.54E-02   -6.54E-02   -2.93E-02   4.02E-02
135 1.16E-01    1.16E-01    -6.85E-02   -6.85E-02   -2.75E-02   4.01E-02
136 1.16E-01    1.16E-01    -7.17E-02   -7.17E-02   -2.58E-02   3.99E-02
137 1.16E-01    1.16E-01    -7.49E-02   -7.49E-02   -2.41E-02   3.96E-02
138 1.17E-01    1.17E-01    -7.81E-02   -7.81E-02   -2.24E-02   3.93E-02
139 1.17E-01    1.17E-01    -8.13E-02   -8.13E-02   -2.08E-02   3.89E-02
140 1.18E-01    1.18E-01    -8.46E-02   -8.46E-02   -1.92E-02   3.85E-02
141 1.19E-01    1.19E-01    -8.78E-02   -8.78E-02   -1.77E-02   3.80E-02
142 1.20E-01    1.20E-01    -9.10E-02   -9.10E-02   -1.62E-02   3.74E-02
143 1.21E-01    1.21E-01    -9.42E-02   -9.42E-02   -1.48E-02   3.67E-02
144 1.22E-01    1.22E-01    -9.74E-02   -9.74E-02   -1.35E-02   3.60E-02
145 1.23E-01    1.23E-01    -1.01E-01   -1.01E-01   -1.22E-02   3.52E-02
146 1.24E-01    1.24E-01    -1.04E-01   -1.04E-01   -1.10E-02   3.44E-02
147 1.25E-01    1.25E-01    -1.07E-01   -1.07E-01   -9.83E-03   3.35E-02
148 1.27E-01    1.27E-01    -1.10E-01   -1.10E-01   -8.75E-03   3.25E-02
149 1.28E-01    1.28E-01    -1.13E-01   -1.13E-01   -7.73E-03   3.15E-02
150 1.29E-01    1.29E-01    -1.16E-01   -1.16E-01   -6.78E-03   3.04E-02
151 1.31E-01    1.31E-01    -1.19E-01   -1.19E-01   -5.90E-03   2.92E-02
152 1.33E-01    1.33E-01    -1.22E-01   -1.22E-01   -5.09E-03   2.81E-02
153 1.34E-01    1.34E-01    -1.25E-01   -1.25E-01   -4.34E-03   2.68E-02
154 1.36E-01    1.36E-01    -1.28E-01   -1.28E-01   -3.67E-03   2.56E-02
155 1.38E-01    1.38E-01    -1.31E-01   -1.31E-01   -3.05E-03   2.43E-02
156 1.39E-01    1.39E-01    -1.34E-01   -1.34E-01   -2.50E-03   2.29E-02
157 1.41E-01    1.41E-01    -1.37E-01   -1.37E-01   -2.01E-03   2.16E-02
158 1.43E-01    1.43E-01    -1.39E-01   -1.39E-01   -1.58E-03   2.02E-02
159 1.45E-01    1.45E-01    -1.42E-01   -1.42E-01   -1.21E-03   1.88E-02
160 1.46E-01    1.46E-01    -1.44E-01   -1.44E-01   -8.89E-04   1.74E-02
161 1.48E-01    1.48E-01    -1.47E-01   -1.47E-01   -6.17E-04   1.61E-02
162 1.50E-01    1.50E-01    -1.49E-01   -1.49E-01   -3.92E-04   1.47E-02
163 1.52E-01    1.52E-01    -1.51E-01   -1.51E-01   -2.08E-04   1.34E-02
164 1.53E-01    1.53E-01    -1.53E-01   -1.53E-01   -6.35E-05   1.20E-02
165 1.55E-01    1.55E-01    -1.55E-01   -1.55E-01   4.67E-05    1.08E-02
166 1.57E-01    1.57E-01    -1.57E-01   -1.57E-01   1.26E-04    9.51E-03
167 1.58E-01    1.58E-01    -1.59E-01   -1.59E-01   1.79E-04    8.32E-03
168 1.60E-01    1.60E-01    -1.61E-01   -1.61E-01   2.09E-04    7.19E-03
169 1.61E-01    1.61E-01    -1.62E-01   -1.62E-01   2.20E-04    6.11E-03
170 1.62E-01    1.62E-01    -1.64E-01   -1.64E-01   2.16E-04    5.11E-03
171 1.63E-01    1.63E-01    -1.65E-01   -1.65E-01   2.00E-04    4.18E-03
172 1.64E-01    1.64E-01    -1.66E-01   -1.66E-01   1.77E-04    3.33E-03
173 1.65E-01    1.65E-01    -1.67E-01   -1.67E-01   1.48E-04    2.57E-03
174 1.66E-01    1.66E-01    -1.68E-01   -1.68E-01   1.17E-04    1.90E-03
175 1.67E-01    1.67E-01    -1.69E-01   -1.69E-01   8.57E-05    1.33E-03
176 1.68E-01    1.68E-01    -1.69E-01   -1.69E-01   5.74E-05    8.55E-04
177 1.68E-01    1.68E-01    -1.70E-01   -1.70E-01   3.34E-05    4.83E-04
178 1.68E-01    1.68E-01    -1.70E-01   -1.70E-01   1.52E-05    2.15E-04
179 1.69E-01    1.69E-01    -1.70E-01   -1.70E-01   3.85E-06    5.39E-05
180 1.69E-01    1.69E-01    -1.71E-01   -1.71E-01   0.00E+00    0.00E+00