0 (User defined)
0.0 20.0 30.0 0.0 8 22 (geometrical conditions)
0  (No Gaseous Absorptio)
11 Sun Photometric Distribution 
22
0.050000001 0.001338098
0.065604001 0.007492487
0.086076997 0.026454749
0.112939    0.058904506
0.148184001 0.082712278
0.194428995 0.073251031
0.255104989 0.040950641
0.334715992 0.014576218
0.439173013 0.003672085
0.576227009 0.001576356
0.756052017 0.002422644
0.99199599  0.004472982
1.30157101  0.007452302
1.707757    0.011037065
2.24070191  0.014523974
2.93996596  0.016981738
3.85745192  0.017641816
5.06126022  0.016284294
6.64074516  0.01335547
8.71314526  0.009732267
11.4322901  0.006301342
15          0.003625077
1.47 1.47 1.47 1.47 1.47 1.47 1.47 1.47 1.47 1.47 1.47 1.47 1.47 1.47 1.47 1.47 1.47 1.47 1.47 1.47
0.0093 0.0093 0.0093 0.0093 0.0093 0.0093 0.0093 0.0093 0.0093 0.0093 0.0093 0.0093 0.0093 0.0093 0.0093 0.0093 0.0093 0.0093 0.0093 0.0093
0 no results saved 
0
1.0 value
0 (target level)
-1000 (sensor level)
-1 monochromatic
0.550
0 Homogeneous surface
1 (directional effects)
3 (Roujean et al. model)
0.037 0.0 0.133
-1 No atm. corrections selected
