7 (TM)
5 9 11.222 30 40 (Geometrical conditions)
2 Midlatitude Summer
8 Multimodal (Log normal)
0.001 20.0 3
0.05 2.03 0.538
1.508 1.500 1.500 1.500 1.500 1.500 1.500 1.500 1.495 1.490 1.490 1.490 1.486 1.480 1.470 1.460 1.456 1.443 1.430 1.470
3.24E-07 3.0E-08 2.86E-08 2.51E-08 2.2E-08 2.0E-08 1.0E-08 1.0E-08 1.48E-08 2.0E-08 6.85E-08 1.0E-07 1.25E-06 3.0E-06 3.5E-04 6.0E-04 6.86E-04 1.7E-03 4.0E-03 1.4E-03
0.0695 2.03 0.457
1.452 1.440 1.438 1.433 1.432 1.431 1.431 1.430 1.429 1.429 1.429 1.428 1.427 1.425 1.411 1.401 1.395 1.385 1.364 1.396
1.0E-08 1.0E-08 1.0E-08 1.0E-08 1.0E-08 1.0E-08 1.0E-08 1.0E-08 1.38E-08 1.47E-08 1.68E-08 1.93E-08 4.91E-08 1.75E-07 9.66E-06 1.94E-04 3.84E-04 1.12E-03 2.51E-03 1.31E-01
0.4 2.03 0.005
1.508 1.500 1.500 1.500 1.500 1.500 1.500 1.500 1.495 1.490 1.490 1.490 1.486 1.480 1.470 1.460 1.456 1.443 1.430 1.470
3.24E-07 3.0E-08 2.86E-08 2.51E-08 2.2E-08 2.0E-08 1.0E-08 1.0E-08 1.48E-08 2.0E-08 6.85E-08 1.0E-07 1.25E-06 3.0E-06 3.5E-04 6.0E-04 6.86E-04 1.7E-03 4.0E-03 1.4E-03
1 results saved in tmp0.mie
tmp0
0
0.8 value
-2.0  (target level, negative value)
-1000 (sensor level)
45 (chosen band)
0 Homogeneous surface
1 (directional effects)
6 Ocean
11.0 30.0 35.0 3.0
-1 No atm. corrections selected
