wxmapschem2d:

  attribute:

    duaotclevs:
      default:    .01 0.02 0.04 .06 .08 .1 .110 .120 .125 .130 .135 .140 .145 .150 .155 .160 .165 .170 .175 .180 .185 .190 .195 .2 .205 .210 .215 .220 .225 .230 .240 .245 .250 .255 .260 .270 .275 .280 .285 .290 .3 .35 .4 .5 .6 .7 .8 .9 1
      jbgtl_panc: .01 0.02 0.04 .06 .08 .1 .110 .120 .125 .130 .135 .140 .145 .150 .155 .160 .165 .170 .175 .180 .185 .190 .195 .2 .205 .210 .215 .220 .225 .230 .240 .245 .250 .255 .260 .270 .275 .280 .285 .290 .3 .35 .4 .5 .6 .7 .8 .9 1
      jbgtl_kpmd: .01 0.02 0.04 .06 .08 .1 .110 .120 .125 .130 .135 .140 .145 .150 .155 .160 .165 .170 .175 .180 .185 .190 .195 .2 .205 .210 .215 .220 .225 .230 .240 .245 .250 .255 .260 .270 .275 .280 .285 .290 .3 .35 .4 .5 .6 .7 .8 .9 1
      jbgsf_kpmd: .01 0.02 0.04 .06 .08 .1 .110 .120 .125 .130 .135 .140 .145 .150 .155 .160 .165 .170 .175 .180 .185 .190 .195 .2 .205 .210 .215 .220 .225 .230 .240 .245 .250 .255 .260 .270 .275 .280 .285 .290 .3 .35 .4 .5 .6 .7 .8 .9 1
      ilpla_bgtl: .01 0.02 0.04 .06 .08 .1 .110 .120 .125 .130 .135 .140 .145 .150 .155 .160 .165 .170 .175 .180 .185 .190 .195 .2 .205 .210 .215 .220 .225 .230 .240 .245 .250 .255 .260 .270 .275 .280 .285 .290 .3 .35 .4 .5 .6 .7 .8 .9 1
      ilpla_bgsf: .01 0.02 0.04 .06 .08 .1 .110 .120 .125 .130 .135 .140 .145 .150 .155 .160 .165 .170 .175 .180 .185 .190 .195 .2 .205 .210 .215 .220 .225 .230 .240 .245 .250 .255 .260 .270 .275 .280 .285 .290 .3 .35 .4 .5 .6 .7 .8 .9 1
      hfhaw_lpla: .01 0.02 0.04 .06 .08 .1 .110 .120 .125 .130 .135 .140 .145 .150 .155 .160 .165 .170 .175 .180 .185 .190 .195 .2 .205 .210 .215 .220 .225 .230 .240 .245 .250 .255 .260 .270 .275 .280 .285 .290 .3 .35 .4 .5 .6 .7 .8 .9 1
      gscci_fhaw: .01 0.02 0.04 .06 .08 .1 .110 .120 .125 .130 .135 .140 .145 .150 .155 .160 .165 .170 .175 .180 .185 .190 .195 .2 .205 .210 .215 .220 .225 .230 .240 .245 .250 .255 .260 .270 .275 .280 .285 .290 .3 .35 .4 .5 .6 .7 .8 .9 1
      fnzch_scci: .01 0.02 0.04 .06 .08 .1 .110 .120 .125 .130 .135 .140 .145 .150 .155 .160 .165 .170 .175 .180 .185 .190 .195 .2 .205 .210 .215 .220 .225 .230 .240 .245 .250 .255 .260 .270 .275 .280 .285 .290 .3 .35 .4 .5 .6 .7 .8 .9 1
      enstu_nzch: .01 0.02 0.04 .06 .08 .1 .110 .120 .125 .130 .135 .140 .145 .150 .155 .160 .165 .170 .175 .180 .185 .190 .195 .2 .205 .210 .215 .220 .225 .230 .240 .245 .250 .255 .260 .270 .275 .280 .285 .290 .3 .35 .4 .5 .6 .7 .8 .9 1
      enffn_nzch: .01 0.02 0.04 .06 .08 .1 .110 .120 .125 .130 .135 .140 .145 .150 .155 .160 .165 .170 .175 .180 .185 .190 .195 .2 .205 .210 .215 .220 .225 .230 .240 .245 .250 .255 .260 .270 .275 .280 .285 .290 .3 .35 .4 .5 .6 .7 .8 .9 1
      dnkoa_nffn: .01 0.02 0.04 .06 .08 .1 .110 .120 .125 .130 .135 .140 .145 .150 .155 .160 .165 .170 .175 .180 .185 .190 .195 .2 .205 .210 .215 .220 .225 .230 .240 .245 .250 .255 .260 .270 .275 .280 .285 .290 .3 .35 .4 .5 .6 .7 .8 .9 1
      dnkoa_nstu: .01 0.02 0.04 .06 .08 .1 .110 .120 .125 .130 .135 .140 .145 .150 .155 .160 .165 .170 .175 .180 .185 .190 .195 .2 .205 .210 .215 .220 .225 .230 .240 .245 .250 .255 .260 .270 .275 .280 .285 .290 .3 .35 .4 .5 .6 .7 .8 .9 1
      cpanc_nkoa: .01 0.02 0.04 .06 .08 .1 .110 .120 .125 .130 .135 .140 .145 .150 .155 .160 .165 .170 .175 .180 .185 .190 .195 .2 .205 .210 .215 .220 .225 .230 .240 .245 .250 .255 .260 .270 .275 .280 .285 .290 .3 .35 .4 .5 .6 .7 .8 .9 1
      bkpmd_panc: .01 0.02 0.04 .06 .08 .1 .110 .120 .125 .130 .135 .140 .145 .150 .155 .160 .165 .170 .175 .180 .185 .190 .195 .2 .205 .210 .215 .220 .225 .230 .240 .245 .250 .255 .260 .270 .275 .280 .285 .290 .3 .35 .4 .5 .6 .7 .8 .9 1
      akpmd_kpmd: .01 0.02 0.04 .06 .08 .1 .110 .120 .125 .130 .135 .140 .145 .150 .155 .160 .165 .170 .175 .180 .185 .190 .195 .2 .205 .210 .215 .220 .225 .230 .240 .245 .250 .255 .260 .270 .275 .280 .285 .290 .3 .35 .4 .5 .6 .7 .8 .9 1
      jbgtl_panc:                .01       .011       .012        .013       .014 .015      .017      .019     .022      .025           .03 .035 .04 .05 .06 .07 .08 .1
      ilpla_bgtl:                .01 .0105 .011 .0115 .012 0.0125 .013 .0135 .014 .015 .016 .017 .018 .019 .02 .022 .024      .026 .028 .03 .035 .04 .05
      hsbrf_lpla:                .01                                                                                                             .04     .06     .08 .1 .110 .120 .125 .130 .135 .140 .145 .150 .155 .160 .165 .170 .175 .180 .185 .190 .195 .2 .205 .210 .215 .220 .225 .230 .240 .245 .250 .255 .260 .270 .275 .280 .285 .290 .3 .35 .4 .5 .6 .7 .8
      gscci_sbrf: .005 .007 .008 .01                  .012                   .014           .017           .02           .025           .03 .035 .04 .05 .06 .07 .08 .1
      fscci_scci: .005 .007 .008 .01                  .012                   .014           .017           .02           .025           .03 .035 .04 .05 .06 .07 .08 .1
      fnzch_scci: .005 .007 .008 .01                  .012                   .014           .017           .02           .025           .03 .035 .04 .05 .06 .07 .08 .1
      enffn_nzch: .005 .007 .008 .01                  .012                   .014           .017           .02           .025           .03 .035 .04 .05 .06 .07 .08 .1
      dnkoa_nffn: .005 .007 .008 .01                  .012                   .014           .017           .02           .025           .03 .035 .04 .05 .06 .07 .08 .1
      cpanc_nkoa:                .01       .011       .012        .013       .014 .015      .017      .019     .022      .025           .03 .035 .04 .05 .06 .07 .08 .1
      bkpmd_panc:                .01       .011       .012        .013       .014 .015      .017      .019     .022      .025           .03 .035 .04 .05 .06 .07 .08 .1
      akpmd_kpmd: .005 .007 .008 .01                  .012                   .014           .017           .02           .025           .03 .035 .04 .05 .06 .07 .08 .1
  
    ocaotclevs:
      default:    .04 .07 .1 .17 .26 .4 .6 .9 1.5 2 3 4
      jbgsf_panc: .04 .07 .1 .17 .26 .4 .6 .9 1.5 2 3 4
      jbgsf_kpmd: .04 .07 .1 .17 .26 .4 .6 .9 1.5 2 3 4
      ilpla_bgsf: .04 .07 .1 .17 .26 .4 .6 .9 1.5 2 3 4
      hfhaw_lpla: .04 .07 .1 .17 .26 .4 .6 .9 1.5 2 3 4
      gscci_fhaw: .04 .07 .1 .17 .26 .4 .6 .9 1.5 2 3 4
      fnzch_scci: .04 .07 .1 .17 .26 .4 .6 .9 1.5 2 3 4
      enstu_nzch: .04 .07 .1 .17 .26 .4 .6 .9 1.5 2 3 4
      dnkoa_nstu: .04 .07 .1 .17 .26 .4 .6 .9 1.5 2 3 4
      cpanc_nkoa: .04 .07 .1 .17 .26 .4 .6 .9 1.5 2 3 4
      bkpmd_panc: .04 .07 .1 .17 .26 .4 .6 .9 1.5 2 3 4
      akpmd_kpmd: .04 .07 .1 .17 .26 .4 .6 .9 1.5 2 3 4
  
    bcaotclevs:
      default:    .005 .01  .02  .03 .04 .05  .06 .07 .08 .09 .10 .11
      jbgsf_panc: .005 .01  .02  .03 .04 .05  .06 .07 .08 .09 .10 .11
      jbgsf_kpmd: .005 .01  .02  .03 .04 .05  .06 .07 .08 .09 .10 .11
      ilpla_bgsf: .005 .01  .02  .03 .04 .05  .06 .07 .08 .09 .10 .11
      hfhaw_lpla: .005 .01  .02  .03 .04 .05  .06 .07 .08 .09 .10 .11
      gscci_fhaw: .005 .01  .02  .03 .04 .05  .06 .07 .08 .09 .10 .11
      fnzch_scci: .005 .01  .02  .03 .04 .05  .06 .07 .08 .09 .10 .11
      enstu_nzch: .005 .01  .02  .03 .04 .05  .06 .07 .08 .09 .10 .11
      dnkoa_nstu: .005 .01  .02  .03 .04 .05  .06 .07 .08 .09 .10 .11
      cpanc_nkoa: .005 .01  .02  .03 .04 .05  .06 .07 .08 .09 .10 .11
      bkpmd_panc: .005 .01  .02  .03 .04 .05  .06 .07 .08 .09 .10 .11
      akpmd_kpmd: .005 .01  .02  .03 .04 .05  .06 .07 .08 .09 .10 .11
  
    so4aotclevs: &so4levs
      default:    0.025 0.05 .075 0.1 .25 0.5 0.75 1 1.25 1.5 1.75
      jbgsf_panc: 0.025 0.05 .075 0.1 .25 0.5 0.75 1 1.25 1.5 1.75
      jbgsf_kpmd: 0.025 0.05 .075 0.1 .25 0.5 0.75 1 1.25 1.5 1.75
      ilpla_bgsf: 0.025 0.05 .075 0.1 .25 0.5 0.75 1 1.25 1.5 1.75
      hfhaw_lpla: 0.025 0.05 .075 0.1 .25 0.5 0.75 1 1.25 1.5 1.75
      gscci_fhaw: 0.025 0.05 .075 0.1 .25 0.5 0.75 1 1.25 1.5 1.75
      fnzch_scci: 0.025 0.05 .075 0.1 .25 0.5 0.75 1 1.25 1.5 1.75
      enstu_nzch: 0.025 0.05 .075 0.1 .25 0.5 0.75 1 1.25 1.5 1.75
      dnkoa_nstu: 0.025 0.05 .075 0.1 .25 0.5 0.75 1 1.25 1.5 1.75
      cpanc_nkoa: 0.025 0.05 .075 0.1 .25 0.5 0.75 1 1.25 1.5 1.75
      bkpmd_panc: 0.025 0.05 .075 0.1 .25 0.5 0.75 1 1.25 1.5 1.75
      akpmd_kpmd: 0.025 0.05 .075 0.1 .25 0.5 0.75 1 1.25 1.5 1.75
  
    niaotclevs: *so4levs
  
    cobbaeclevs:
      default:    .005 .006 .007 .008 .01 0.02 0.03 0.04 0.05 0.1  0.25 0.5 1 1.5
      jbgtl_panc: .005 .006 .007 .008 .01 0.02 0.03 0.04 0.05 0.1  0.25 0.5 1 1.5
      jbgtl_kpmd: .005 .006 .007 .008 .01 0.02 0.03 0.04 0.05 0.1  0.25 0.5 1 1.5
      jbgsf_kpmd: .005 .006 .007 .008 .01 0.02 0.03 0.04 0.05 0.1  0.25 0.5 1 1.5
      ilpla_bgtl: .005 .006 .007 .008 .01 0.02 0.03 0.04 0.05 0.1  0.25 0.5 1 1.5
      ilpla_bgsf: .005 .006 .007 .008 .01 0.02 0.03 0.04 0.05 0.1  0.25 0.5 1 1.5
      hfhaw_lpla: .005 .006 .007 .008 .01 0.02 0.03 0.04 0.05 0.1  0.25 0.5 1 1.5
      gscci_fhaw: .005 .006 .007 .008 .01 0.02 0.03 0.04 0.05 0.1  0.25 0.5 1 1.5
      fnzch_scci: .005 .006 .007 .008 .01 0.02 0.03 0.04 0.05 0.1  0.25 0.5 1 1.5
      enffn_nzch: .005 .006 .007 .008 .01 0.02 0.03 0.04 0.05 0.1  0.25 0.5 1 1.5
      enstu_nzch: .005 .006 .007 .008 .01 0.02 0.03 0.04 0.05 0.1  0.25 0.5 1 1.5
      dnkoa_nffn: .005 .006 .007 .008 .01 0.02 0.03 0.04 0.05 0.1  0.25 0.5 1 1.5
      dnkoa_nstu: .005 .006 .007 .008 .01 0.02 0.03 0.04 0.05 0.1  0.25 0.5 1 1.5
      cpanc_nkoa: .005 .006 .007 .008 .01 0.02 0.03 0.04 0.05 0.1  0.25 0.5 1 1.5
      bkpmd_panc: .005 .006 .007 .008 .01 0.02 0.03 0.04 0.05 0.1  0.25 0.5 1 1.5
      akpmd_kpmd: .005 .006 .007 .008 .01 0.02 0.03 0.04 0.05 0.1  0.25 0.5 1 1.5
