#WP  Lon[+-180]  Lat[+-90]  Speed[m/s]  delayT[min]  Altitude[m]  CumLegT[H]  UTC[H]  LocalT[H]  LegT[H]  Dist[km]  CumDist[km]  Dist[nm]  CumDist[nm]  Speed[kt]  Altitude[kft]  SZA[deg]  AZI[deg]  Bearing[deg]  Climbt[min]  Comments
1   +14.64528333  -22.97971667  150.00  0    95.0   0.00  7.00  8.00  0.00  0.0    0.0    0.0    0.0    291.6 nan  66.6  110.5  52.5  0       
2   +13.27500000  -22.00000000  70.67  0    19000.0  1.37  8.37  9.37  1.37  178.2  178.2  96.2   96.2   137.4 62.34  50.3  122.2  48.9  82   None  
3   +7.00000000  -16.63000000  204.90  0    19000.0  2.58  9.58  10.58  1.21  889.6  1067.8  480.4  576.6  398.3 62.34  38.1  128.2  46.9  0    None  
4   +6.30000000  -16.00000000  204.90  0    19000.0  2.72  9.72  10.72  0.14  102.5  1170.3  55.4   631.9  398.3 62.34  36.6  129.0  46.4  0    None  
5   -6.05294668  -3.91104820  204.90  1    19000.0  5.33  12.33  13.33  2.61  1907.3  3077.6  1029.9  1661.8  398.3 62.34  12.0  174.7  224.3  0    None  
6   +6.30000000  -16.00000000  204.90  0    19000.0  7.91  14.91  15.91  2.59  1907.3  4984.9  1029.9  2691.7  398.3 62.34  55.0  247.9  226.7  0    None  
7   +7.00000000  -16.63000000  204.90  0    19000.0  8.05  15.05  16.05  0.14  102.5  5087.4  55.4   2747.0  398.3 62.34  57.7  248.9  226.8  0    None  
8   +13.27500000  -22.00000000  204.90  0    19000.0  9.26  16.26  17.26  1.21  889.6  5977.1  480.4  3227.4  398.3 62.34  81.2  257.7  232.0  0    None  
9   +14.64528333  -22.97971667  204.90  0    95.0   10.31  17.31  18.31  1.05  178.2  6155.3  96.2   3323.6  398.3 0.31  97.1  264.3  232.5  63   None  
