#WP  Lon[+-180]  Lat[+-90]  Speed[m/s]  delayT[min]  Altitude[m]  CumLegT[H]  UTC[H]  LocalT[H]  LegT[H]  Dist[km]  CumDist[km]  Dist[nm]  CumDist[nm]  Speed[kt]  Altitude[kft]  SZA[deg]  AZI[deg]  Bearing[deg]  Climbt[min]  Comments
1   +14.64528333  -22.97971667  150.00  0    95.0   0.00  7.00  8.00  0.00  0.0    0.0    0.0    0.0    291.6 nan  66.6  110.5  52.5  0       
2   +13.27500000  -22.00000000  160.00  0    7500.0  0.31  7.31  8.31  0.31  178.2  178.2  96.2   96.2   311.0 24.61  63.4  111.8  48.9  6    None  
3   +7.00000000  -16.63000000  175.00  0    7500.0  1.72  8.72  9.72  1.41  889.6  1067.8  480.4  576.6  340.2 24.61  48.4  117.4  46.9  0    None  
4   +6.30000000  -16.00000000  145.00  0    2000.0  1.92  8.92  9.92  0.20  102.5  1170.3  55.4   631.9  281.9 6.56  46.2  118.5  46.3  9    None  
5   -1.07463086  -8.90722682  137.50  1    1000.0  4.22  11.22  12.22  2.30  1124.7  2295.1  607.3  1239.2  267.3 3.28  21.2  142.7  224.7  1    None  
6   +6.30000000  -16.00000000  130.00  0    2000.0  6.62  13.62  14.62  2.40  1124.7  3419.8  607.3  1846.6  252.7 6.56  38.7  233.9  226.7  0    None  
7   +7.00000000  -16.63000000  160.00  0    7500.0  6.80  13.80  14.80  0.18  102.5  3522.3  55.4   1901.9  311.0 24.61  41.7  236.4  226.8  4    None  
8   +13.27500000  -22.00000000  175.00  0    7500.0  8.21  15.21  16.21  1.41  889.6  4411.9  480.4  2382.3  340.2 24.61  67.2  250.6  232.0  0    None  
9   +14.64528333  -22.97971667  130.71  0    95.0   8.59  15.59  16.59  0.38  178.2  4590.1  96.2   2478.5  254.1 0.31  73.7  253.7  232.5  12   None  
