#WP  Lon[+-180]  Lat[+-90]  Speed[m/s]  delayT[min]  Altitude[m]  CumLegT[H]  UTC[H]  LocalT[H]  LegT[H]  Dist[km]  CumDist[km]  Dist[nm]  CumDist[nm]  Speed[kt]  Altitude[kft]  SZA[deg]  AZI[deg]  Bearing[deg]  Climbt[min]  Comments
1   +14.64528333  -22.97971667  150.00  0    95.0   0.00  7.00  8.00  0.00  0.0    0.0    0.0    0.0    291.6 nan  66.6  110.5  36.4  0    None  
2   +13.40000000  -21.40000000  70.67  0    19000.0  0.86  7.86  8.86  0.86  217.7  217.7  117.6  117.6  137.4 62.34  56.1  116.4  33.9  23   None  
3   +9.00000000  -15.00000000  204.90  0    19000.0  2.01  9.01  10.01  1.16  850.7  1068.5  459.4  576.9  398.3 62.34  42.3  120.7  0.0  0    None  
4   +9.00000000  -10.00000000  204.90  0    19000.0  2.78  9.78  10.78  0.77  556.6  1625.0  300.5  877.5  398.3 62.34  30.1  125.9  91.1  0    None  
5   -4.00000000  -10.00000000  204.90  1    19000.0  4.74  11.74  12.74  1.96  1425.1  3050.1  769.5  1646.9  398.3 62.34  19.6  156.2  268.9  0    None  
6   +9.00000000  -10.00000000  204.90  0    19000.0  6.68  13.68  14.68  1.94  1425.1  4475.2  769.5  2416.4  398.3 62.34  38.6  243.4  180.0  0    None  
7   +9.00000000  -15.00000000  204.90  0    19000.0  7.44  14.44  15.44  0.76  556.6  5031.8  300.5  2717.0  398.3 62.34  50.8  246.2  212.5  0    None  
8   +12.86620108  -20.64860888  204.90  0    19000.0  8.46  15.46  16.46  1.02  750.4  5782.2  405.2  3122.1  398.3 62.34  69.8  252.8  215.0  0    None  
9   +14.64528333  -22.97971667  204.90  0    95.0   8.99  15.99  16.99  0.53  318.0  6100.2  171.7  3293.9  398.3 0.31  79.0  256.4  215.7  31   None  
