    tpw_allie:
      red:
        - 0.000 0.000 0.000
        - 0.029 0.000 0.000
        - 0.057 0.000 0.000
        - 0.086 0.020 0.020
        - 0.114 0.000 0.000
        - 0.143 0.000 0.000
        - 0.171 0.043 0.043
        - 0.200 0.000 0.000
        - 0.229 0.035 0.035
        - 0.257 0.000 0.000
        - 0.286 0.000 0.000
        - 0.314 0.000 0.000
        - 0.343 0.439 0.439
        - 0.371 0.569 0.569
        - 0.400 0.667 0.667
        - 0.429 0.757 0.757
        - 0.457 0.871 0.871
        - 0.486 0.973 0.973
        - 0.514 0.937 0.937
        - 0.543 0.867 0.867
        - 0.571 0.784 0.784
        - 0.600 0.737 0.737
        - 0.629 0.627 0.627
        - 0.657 0.549 0.549
        - 0.686 0.490 0.490
        - 0.714 0.412 0.412
        - 0.743 0.353 0.353
        - 0.771 0.259 0.259
        - 0.800 0.176 0.176
        - 0.829 0.388 0.388
        - 0.857 0.667 0.667
        - 0.886 0.898 0.898
        - 0.914 0.898 0.898
        - 0.943 0.722 0.722
        - 0.971 0.463 0.463
        - 1.000 0.310 0.310
      green:
        - 0.000 0.427 0.427
        - 0.029 0.506 0.506
        - 0.057 0.643 0.643
        - 0.086 0.714 0.714
        - 0.114 0.827 0.827
        - 0.143 0.937 0.937
        - 0.171 0.910 0.910
        - 0.200 0.859 0.859
        - 0.229 0.753 0.753
        - 0.257 0.635 0.635
        - 0.286 0.549 0.549
        - 0.314 0.439 0.439
        - 0.343 0.000 0.000
        - 0.371 0.000 0.000
        - 0.400 0.000 0.000
        - 0.429 0.000 0.000
        - 0.457 0.008 0.008
        - 0.486 0.000 0.000
        - 0.514 0.937 0.937
        - 0.543 0.867 0.867
        - 0.571 0.784 0.784
        - 0.600 0.737 0.737
        - 0.629 0.627 0.627
        - 0.657 0.549 0.549
        - 0.686 0.490 0.490
        - 0.714 0.412 0.412
        - 0.743 0.353 0.353
        - 0.771 0.259 0.259
        - 0.800 0.176 0.176
        - 0.829 0.039 0.039
        - 0.857 0.263 0.263
        - 0.886 0.424 0.424
        - 0.914 0.000 0.000
        - 0.943 0.000 0.000
        - 0.971 0.012 0.012
        - 1.000 0.004 0.004
      blue:
        - 0.000 0.000 0.000
        - 0.029 0.008 0.008
        - 0.057 0.000 0.000
        - 0.086 0.012 0.012
        - 0.114 0.008 0.008
        - 0.143 0.000 0.000
        - 0.171 0.875 0.875
        - 0.200 0.851 0.851
        - 0.229 0.776 0.776
        - 0.257 0.671 0.671
        - 0.286 0.557 0.557
        - 0.314 0.439 0.439
        - 0.343 0.439 0.439
        - 0.371 0.580 0.580
        - 0.400 0.655 0.655
        - 0.429 0.769 0.769
        - 0.457 0.878 0.878
        - 0.486 1.000 1.000
        - 0.514 0.937 0.937
        - 0.543 0.867 0.867
        - 0.571 0.784 0.784
        - 0.600 0.737 0.737
        - 0.629 0.627 0.627
        - 0.657 0.549 0.549
        - 0.686 0.490 0.490
        - 0.714 0.412 0.412
        - 0.743 0.353 0.353
        - 0.771 0.259 0.259
        - 0.800 0.176 0.176
        - 0.829 0.000 0.000
        - 0.857 0.000 0.000
        - 0.886 0.012 0.012
        - 0.914 0.020 0.020
        - 0.943 0.000 0.000
        - 0.971 0.000 0.000
        - 1.000 0.004 0.004
      alpha:
        - 0.000 1.000 1.000
        - 0.029 0.941 0.941
        - 0.057 0.863 0.863
        - 0.086 0.784 0.784
        - 0.114 0.706 0.706
        - 0.143 0.627 0.627
        - 0.171 0.549 0.549
        - 0.200 0.471 0.471
        - 0.229 0.431 0.431
        - 0.257 0.392 0.392
        - 0.286 0.392 0.392
        - 0.314 0.392 0.392
        - 0.343 0.392 0.392
        - 0.371 0.314 0.314
        - 0.400 0.235 0.235
        - 0.429 0.196 0.196
        - 0.457 0.196 0.196
        - 0.486 0.196 0.196
        - 0.514 0.196 0.196
        - 0.543 0.196 0.196
        - 0.571 0.196 0.196
        - 0.600 0.196 0.196
        - 0.629 0.196 0.196
        - 0.657 0.196 0.196
        - 0.686 0.196 0.196
        - 0.714 0.196 0.196
        - 0.743 0.196 0.196
        - 0.771 0.196 0.196
        - 0.800 0.196 0.196
        - 0.829 0.392 0.392
        - 0.857 0.471 0.471
        - 0.886 0.549 0.549
        - 0.914 0.627 0.627
        - 0.943 0.706 0.706
        - 0.971 0.784 0.784
        - 1.000 1.000 1.000

