#WP  Lon[+-180]  Lat[+-90]  Speed[m/s]  delayT[min]  Altitude[m]  CumLegT[H]  UTC[H]  LocalT[H]  LegT[H]  Dist[km]  CumDist[km]  Dist[nm]  CumDist[nm]  Speed[kt]  Altitude[kft]  SZA[deg]  AZI[deg]  Bearing[deg]  Climbt[min]  Comments
1   +14.64528333  -22.97971667  150.00  0    95.0   0.00  7.00  8.00  0.00  0.0    0.0    0.0    0.0    291.6 nan  66.6  110.5  36.4  0    None  
2   +13.40000000  -21.40000000  160.00  0    7500.0  0.38  7.38  8.38  0.38  217.7  217.7  117.6  117.6  311.0 24.61  62.2  112.1  33.9  6    None  
3   +9.00000000  -15.00000000  175.00  0    7500.0  1.74  8.74  9.74  1.36  850.7  1068.5  459.4  576.9  340.2 24.61  45.8  117.6  90.3  0    None  
4   +6.60531082  -14.99952551  137.50  0    1000.0  2.26  9.26  10.26  0.52  257.5  1325.9  139.0  716.0  267.3 3.28  41.2  121.7  90.1  10   None  
5   +5.60531082  -14.99952551  130.00  0    2000.0  2.49  9.49  10.49  0.23  107.5  1433.5  58.1   774.0  252.7 6.56  39.2  123.9  91.2  0    None  
6   -3.60000000  -15.00000000  137.50  1    1000.0  4.51  11.51  12.51  2.03  989.7  2423.2  534.4  1308.4  267.3 3.28  25.4  154.2  268.8  1    None  
7   +5.60531082  -14.99952551  137.50  0    1000.0  6.51  13.51  14.51  2.00  989.7  3412.9  534.4  1842.9  267.3 3.28  36.3  232.5  269.9  0    None  
8   +6.60531082  -14.99952551  130.00  0    2000.0  6.74  13.74  14.74  0.23  107.5  3520.5  58.1   1900.9  252.7 6.56  39.8  236.9  269.7  0    None  
9   +9.00000000  -15.00000000  160.00  0    7500.0  7.20  14.20  15.20  0.46  257.5  3778.0  139.0  2039.9  311.0 24.61  47.5  243.9  212.5  4    None  
10  +13.40000000  -21.40000000  175.00  0    7500.0  8.55  15.55  16.55  1.35  850.7  4628.7  459.4  2499.3  340.2 24.61  71.6  253.3  215.9  0    None  
11  +14.64528333  -22.97971667  175.00  0    95.0   8.89  15.89  16.89  0.35  217.7  4846.4  117.6  2616.9  340.2 0.31  77.7  255.8  216.4  12   None  
