#WP  Lon[+-180]  Lat[+-90]  Speed[m/s]  delayT[min]  Altitude[m]  CumLegT[H]  UTC[H]  LocalT[H]  LegT[H]  Dist[km]  CumDist[km]  Dist[nm]  CumDist[nm]  Speed[kt]  Altitude[kft]  SZA[deg]  AZI[deg]  Bearing[deg]  Climbt[min]  Comments
1   +14.64528333  -22.97971667  150.00  0    95.0   0.00  7.00  8.00  0.00  0.0    0.0    0.0    0.0    291.6 nan  66.6  110.5  36.4  0    None  
2   +13.40000000  -21.40000000  160.00  0    7500.0  0.49  7.49  8.49  0.49  217.7  217.7  117.6  117.6  311.0 24.61  60.8  113.0  33.9  29   None  
3   +9.00000000  -15.00000000  175.00  0    7500.0  1.84  8.84  9.84  1.36  850.7  1068.5  459.4  576.9  340.2 24.61  44.5  118.7  0.0  0    None  
4   +9.00000000  -10.00000000  175.00  0    7500.0  2.74  9.74  10.74  0.90  556.6  1625.0  300.5  877.5  340.2 24.61  30.7  125.2  90.1  0    None  
5   +7.54396095  -10.00000000  145.00  0    1000.0  3.10  10.10  11.10  0.36  159.6  1784.7  86.2   963.7  281.9 3.28  27.6  130.1  90.1  21   None  
6   +6.54396095  -10.00000000  137.50  0    2000.0  3.32  10.32  11.32  0.22  109.6  1894.3  59.2   1022.8  267.3 6.56  25.9  133.6  90.5  3    None  
7   +1.04889096  -10.00000000  130.00  1    1000.0  4.63  11.63  12.63  1.31  602.4  2496.7  325.3  1348.1  252.7 3.28  18.5  166.1  269.6  3    None  
8   +5.63189503  -10.00000000  130.00  0    1000.0  5.71  12.71  13.71  1.07  502.4  2999.1  271.3  1619.4  252.7 3.28  24.2  222.6  269.9  0    None  
9   +6.63189503  -10.00000000  137.50  0    2000.0  5.93  12.93  13.93  0.22  109.6  3108.8  59.2   1678.6  267.3 6.56  27.3  229.4  269.8  3    None  
10  +9.00000000  -10.00000000  160.00  0    7500.0  6.39  13.39  14.39  0.46  259.6  3368.4  140.2  1818.8  311.0 24.61  34.8  239.9  180.0  21   None  
11  +9.00000000  -15.00000000  175.00  0    7500.0  7.27  14.27  15.27  0.88  556.6  3925.0  300.5  2119.3  340.2 24.61  48.6  244.6  212.5  0    None  
12  +13.40000000  -21.40000000  175.00  0    7500.0  8.63  15.63  16.63  1.35  850.7  4775.7  459.4  2578.7  340.2 24.61  72.7  253.9  215.9  0    None  
13  +14.64528333  -22.97971667  175.00  0    95.0   9.04  16.04  17.04  0.41  217.7  4993.4  117.6  2696.2  340.2 0.31  79.7  256.7  216.4  24   None  
