attribute:

  colorbar:

    avhrr01:
      red:
        - 0.000 1.000 1.000
        - 0.071 0.776 0.776
        - 0.143 0.553 0.553
        - 0.214 0.380 0.380
        - 0.286 0.247 0.247
        - 0.357 0.251 0.251
        - 0.429 0.357 0.357
        - 0.500 0.725 0.725
        - 0.571 0.973 0.973
        - 0.643 0.961 0.961
        - 0.714 0.918 0.918
        - 0.786 0.839 0.839
        - 0.857 0.722 0.722
        - 0.929 0.580 0.580
        - 1.000 0.506 0.506
      green:
        - 0.000 1.000 1.000
        - 0.071 0.914 0.914
        - 0.143 0.816 0.816
        - 0.214 0.647 0.647
        - 0.286 0.529 0.529
        - 0.357 0.612 0.612
        - 0.429 0.706 0.706
        - 0.500 0.820 0.820
        - 0.571 0.788 0.788
        - 0.643 0.510 0.510
        - 0.714 0.302 0.302
        - 0.786 0.169 0.169
        - 0.857 0.098 0.098
        - 0.929 0.086 0.086
        - 1.000 0.129 0.129
      blue:
        - 0.000 1.000 1.000
        - 0.071 0.980 0.980
        - 0.143 0.953 0.953
        - 0.214 0.847 0.847
        - 0.286 0.706 0.706
        - 0.357 0.427 0.427
        - 0.429 0.255 0.255
        - 0.500 0.294 0.294
        - 0.571 0.282 0.282
        - 0.643 0.192 0.192
        - 0.714 0.145 0.145
        - 0.786 0.141 0.141
        - 0.857 0.129 0.129
        - 0.929 0.102 0.102
        - 1.000 0.773 0.773
      alpha:
        - 0.000 1.000 1.000
        - 0.071 1.000 1.000
        - 0.143 1.000 1.000
        - 0.214 1.000 1.000
        - 0.286 1.000 1.000
        - 0.357 1.000 1.000
        - 0.429 1.000 1.000
        - 0.500 1.000 1.000
        - 0.571 1.000 1.000
        - 0.643 1.000 1.000
        - 0.714 1.000 1.000
        - 0.786 1.000 1.000
        - 0.857 1.000 1.000
        - 0.929 1.000 1.000
        - 1.000 1.000 1.000

