Wave Center (int)   Taur (Rayleigh) Dpol (Depolarization)
310 1.05E+00    3.21E-02
315 9.86E-01    3.19E-02
320 9.21E-01    3.17E-02
325 8.60E-01    3.15E-02
330 8.08E-01    3.13E-02
335 7.59E-01    3.12E-02
340 7.12E-01    3.10E-02
345 6.70E-01    3.09E-02
350 6.30E-01    3.07E-02
355 5.94E-01    3.06E-02
360 5.59E-01    3.05E-02
365 5.27E-01    3.03E-02
370 4.99E-01    3.02E-02
375 4.71E-01    3.01E-02
380 4.47E-01    3.00E-02
385 4.22E-01    2.99E-02
390 4.00E-01    2.98E-02
395 3.79E-01    2.98E-02
400 3.59E-01    2.97E-02
405 3.42E-01    2.96E-02
410 3.25E-01    2.95E-02
415 3.09E-01    2.95E-02
420 2.94E-01    2.94E-02
425 2.80E-01    2.93E-02
430 2.67E-01    2.93E-02
435 2.54E-01    2.92E-02
440 2.42E-01    2.91E-02
445 2.31E-01    2.91E-02
450 2.21E-01    2.90E-02
455 2.11E-01    2.90E-02
460 2.02E-01    2.89E-02
465 1.93E-01    2.89E-02
470 1.85E-01    2.88E-02
475 1.77E-01    2.88E-02
480 1.69E-01    2.88E-02
485 1.62E-01    2.87E-02
490 1.56E-01    2.87E-02
495 1.49E-01    2.86E-02
500 1.43E-01    2.86E-02
505 1.38E-01    2.86E-02
510 1.32E-01    2.85E-02
515 1.27E-01    2.85E-02
520 1.22E-01    2.85E-02
525 1.17E-01    2.84E-02
530 1.13E-01    2.84E-02
535 1.09E-01    2.84E-02
540 1.05E-01    2.84E-02
545 1.01E-01    2.83E-02
550 9.70E-02    2.83E-02
555 9.35E-02    2.83E-02
560 9.01E-02    2.83E-02
565 8.69E-02    2.82E-02
570 8.38E-02    2.82E-02
575 8.09E-02    2.82E-02
580 7.81E-02    2.82E-02
585 7.54E-02    2.82E-02
590 7.28E-02    2.81E-02
595 7.04E-02    2.81E-02
600 6.80E-02    2.81E-02
605 6.58E-02    2.81E-02
610 6.36E-02    2.81E-02
615 6.15E-02    2.80E-02
620 5.95E-02    2.80E-02
625 5.76E-02    2.80E-02
630 5.58E-02    2.80E-02
635 5.40E-02    2.80E-02
640 5.23E-02    2.80E-02
645 5.07E-02    2.79E-02
650 4.91E-02    2.79E-02
655 4.77E-02    2.79E-02
660 4.62E-02    2.79E-02
665 4.48E-02    2.79E-02
670 4.35E-02    2.79E-02
675 4.22E-02    2.79E-02
680 4.09E-02    2.79E-02
685 3.97E-02    2.78E-02
690 3.86E-02    2.78E-02
695 3.75E-02    2.78E-02
700 3.64E-02    2.78E-02
705 3.54E-02    2.78E-02
710 3.44E-02    2.78E-02
715 3.34E-02    2.78E-02
720 3.25E-02    2.78E-02
725 3.16E-02    2.78E-02
730 3.07E-02    2.78E-02
735 2.99E-02    2.77E-02
740 2.91E-02    2.77E-02
745 2.83E-02    2.77E-02
750 2.75E-02    2.77E-02
755 2.68E-02    2.77E-02
760 2.61E-02    2.77E-02
765 2.54E-02    2.77E-02
770 2.47E-02    2.77E-02
775 2.41E-02    2.77E-02
780 2.35E-02    2.77E-02
785 2.29E-02    2.77E-02
790 2.23E-02    2.77E-02
795 2.17E-02    2.76E-02
800 2.12E-02    2.76E-02
805 2.07E-02    2.76E-02
810 2.02E-02    2.76E-02
815 1.97E-02    2.76E-02
820 1.92E-02    2.76E-02
825 1.87E-02    2.76E-02
830 1.83E-02    2.76E-02
835 1.78E-02    2.76E-02
840 1.74E-02    2.76E-02
845 1.70E-02    2.76E-02
850 1.66E-02    2.76E-02
855 1.62E-02    2.76E-02
860 1.58E-02    2.76E-02
865 1.55E-02    2.76E-02
870 1.51E-02    2.76E-02
875 1.48E-02    2.75E-02
880 1.44E-02    2.75E-02
885 1.41E-02    2.75E-02
940 1.11E-02    2.75E-02
1040    7.45E-03    2.74E-02
1250    3.52E-03    2.73E-02
1378    2.38E-03    2.73E-02
1615    1.26E-03    2.72E-02
2130    4.15E-04    2.72E-02
2260    3.28E-04    2.72E-02