attribute:

  colorbar:

    BWG:
      red:
        - 0.0 0.0 0.0
        - 0.5 1.0 1.0
        - 1.0 0.0 0.0
      green:
        - 0.0 0.0 0.0
        - 0.5 1.0 1.0
        - 1.0 0.8 0.8
      blue:
        - 0.0 1.0 1.0
        - 0.5 1.0 1.0
        - 1.0 0.0 0.0

    EPV:
      red:
        - 0.000 1.000 1.000
        - 0.036 0.902 0.902
        - 0.071 0.808 0.808
        - 0.107 0.714 0.714
        - 0.143 0.612 0.612
        - 0.179 0.529 0.529
        - 0.214 0.447 0.447
        - 0.250 0.369 0.369
        - 0.286 0.282 0.282
        - 0.321 0.282 0.282
        - 0.357 0.282 0.282
        - 0.393 0.286 0.286
        - 0.429 0.302 0.302
        - 0.464 0.471 0.471
        - 0.500 0.643 0.643
        - 0.536 0.812 0.812
        - 0.571 0.980 0.980
        - 0.607 0.976 0.976
        - 0.643 0.969 0.969
        - 0.679 0.965 0.965
        - 0.714 0.957 0.957
        - 0.750 0.925 0.925
        - 0.786 0.894 0.894
        - 0.821 0.859 0.859
        - 0.857 0.820 0.820
        - 0.893 0.757 0.757
        - 0.929 0.698 0.698
        - 0.964 0.635 0.635
        - 1.000 0.573 0.573
      green:
        - 0.000 1.000 1.000
        - 0.036 0.961 0.961
        - 0.071 0.925 0.925
        - 0.107 0.890 0.890
        - 0.143 0.851 0.851
        - 0.179 0.776 0.776
        - 0.214 0.706 0.706
        - 0.250 0.631 0.631
        - 0.286 0.557 0.557
        - 0.321 0.596 0.596
        - 0.357 0.631 0.631
        - 0.393 0.671 0.671
        - 0.429 0.710 0.710
        - 0.464 0.761 0.761
        - 0.500 0.812 0.812
        - 0.536 0.863 0.863
        - 0.571 0.906 0.906
        - 0.607 0.784 0.784
        - 0.643 0.663 0.663
        - 0.679 0.541 0.541
        - 0.714 0.412 0.412
        - 0.750 0.341 0.341
        - 0.786 0.267 0.267
        - 0.821 0.192 0.192
        - 0.857 0.122 0.122
        - 0.893 0.110 0.110
        - 0.929 0.102 0.102
        - 0.964 0.090 0.090
        - 1.000 0.082 0.082
      blue:
        - 0.000 1.000 1.000
        - 0.036 0.992 0.992
        - 0.071 0.984 0.984
        - 0.107 0.976 0.976
        - 0.143 0.965 0.965
        - 0.179 0.922 0.922
        - 0.214 0.878 0.878
        - 0.250 0.835 0.835
        - 0.286 0.780 0.780
        - 0.321 0.655 0.655
        - 0.357 0.529 0.529
        - 0.393 0.400 0.400
        - 0.429 0.275 0.275
        - 0.464 0.294 0.294
        - 0.500 0.318 0.318
        - 0.536 0.341 0.341
        - 0.571 0.357 0.357
        - 0.607 0.310 0.310
        - 0.643 0.259 0.259
        - 0.679 0.212 0.212
        - 0.714 0.161 0.161
        - 0.750 0.161 0.161
        - 0.786 0.157 0.157
        - 0.821 0.157 0.157
        - 0.857 0.157 0.157
        - 0.893 0.141 0.141
        - 0.929 0.125 0.125
        - 0.964 0.114 0.114
        - 1.000 0.098 0.098

    GYlOrRd:
      red:
        - 0.000 1.000 1.000
        - 0.125 0.784 0.784
        - 0.250 0.706 0.706
        - 0.375 0.000 0.000
        - 0.500 0.627 0.627
        - 0.625 0.902 0.902
        - 0.750 0.902 0.902
        - 0.875 0.941 0.941
        - 1.000 0.980 0.980
      green:
        - 0.000 1.000 1.000
        - 0.125 1.000 1.000
        - 0.250 0.980 0.980
        - 0.375 0.863 0.863
        - 0.500 0.902 0.902
        - 0.625 0.863 0.863
        - 0.750 0.686 0.686
        - 0.875 0.510 0.510
        - 1.000 0.235 0.235
      blue:
        - 0.000 1.000 1.000
        - 0.125 0.745 0.745
        - 0.250 0.667 0.667
        - 0.375 0.000 0.000
        - 0.500 0.196 0.196
        - 0.625 0.196 0.196
        - 0.750 0.176 0.176
        - 0.875 0.157 0.157
        - 1.000 0.235 0.235

    Ice:
      red:
        - 0.000 1.000 1.000
        - 0.200 0.984 0.984
        - 0.400 1.000 1.000
        - 0.600 0.996 0.996
        - 0.800 0.996 0.996
        - 1.000 0.996 0.996
      green:
        - 0.000 1.000 1.000
        - 0.200 0.843 0.843
        - 0.400 0.655 0.655
        - 0.600 0.471 0.471
        - 0.800 0.267 0.267
        - 1.000 0.122 0.122
      blue:
        - 0.000 1.000 1.000
        - 0.200 0.894 0.894
        - 0.400 0.808 0.808
        - 0.600 0.702 0.702
        - 0.800 0.608 0.608
        - 1.000 0.510 0.510
      alpha:
        - 0.000 1.000 1.000
        - 0.200 1.000 1.000
        - 0.400 1.000 1.000
        - 0.600 1.000 1.000
        - 0.800 1.000 1.000
        - 1.000 1.000 1.000

    RedTBlues:
      red:
        - 0.000 0.510 0.510
        - 0.083 0.667 0.667
        - 0.167 0.745 0.745
        - 0.250 0.902 0.902
        - 0.333 0.941 0.941
        - 0.417 1.000 1.000
        - 0.500 1.000 1.000
        - 0.583 0.922 0.922
        - 0.667 0.706 0.706
        - 0.750 0.588 0.588
        - 0.833 0.451 0.451
        - 0.917 0.275 0.275
        - 1.000 0.235 0.235
      green:
        - 0.000 0.235 0.235
        - 0.083 0.275 0.275
        - 0.167 0.451 0.451
        - 0.250 0.588 0.588
        - 0.333 0.706 0.706
        - 0.417 0.922 0.922
        - 0.500 1.000 1.000
        - 0.583 0.922 0.922
        - 0.667 0.706 0.706
        - 0.750 0.588 0.588
        - 0.833 0.451 0.451
        - 0.917 0.275 0.275
        - 1.000 0.235 0.235
      blue:
        - 0.000 0.235 0.235
        - 0.083 0.275 0.275
        - 0.167 0.451 0.451
        - 0.250 0.588 0.588
        - 0.333 0.706 0.706
        - 0.417 0.922 0.922
        - 0.500 1.000 1.000
        - 0.583 1.000 1.000
        - 0.667 0.961 0.961
        - 0.750 0.902 0.902
        - 0.833 0.745 0.745
        - 0.917 0.667 0.667
        - 1.000 0.510 0.510
      alpha:
        - 0.000 1.000 1.000
        - 0.083 1.000 1.000
        - 0.167 1.000 1.000
        - 0.250 1.000 1.000
        - 0.333 1.000 1.000
        - 0.417 1.000 1.000
        - 0.500 0.000 0.000
        - 0.583 1.000 1.000
        - 0.667 1.000 1.000
        - 0.750 1.000 1.000
        - 0.833 1.000 1.000
        - 0.917 1.000 1.000
        - 1.000 1.000 1.000

    Snow:
      red:
        - 0.000 1.000 1.000
        - 0.100 0.988 0.988
        - 0.200 0.914 0.914
        - 0.300 0.839 0.839
        - 0.400 0.769 0.769
        - 0.500 0.596 0.596
        - 0.600 0.490 0.490
        - 0.700 0.357 0.357
        - 0.800 0.278 0.278
        - 0.900 0.208 0.208
        - 1.000 0.141 0.141
      green:
        - 0.000 1.000 1.000
        - 0.100 0.996 0.996
        - 0.200 0.922 0.922
        - 0.300 0.851 0.851
        - 0.400 0.776 0.776
        - 0.500 0.835 0.835
        - 0.600 0.765 0.765
        - 0.700 0.694 0.694
        - 0.800 0.643 0.643
        - 0.900 0.569 0.569
        - 1.000 0.506 0.506
      blue:
        - 0.000 1.000 1.000
        - 0.100 0.988 0.988
        - 0.200 0.914 0.914
        - 0.300 0.839 0.839
        - 0.400 0.769 0.769
        - 0.500 0.925 0.925
        - 0.600 0.933 0.933
        - 0.700 0.922 0.922
        - 0.800 0.961 0.961
        - 0.900 0.933 0.933
        - 1.000 0.894 0.894
      alpha:
        - 0.000 1.000 1.000
        - 0.100 1.000 1.000
        - 0.200 1.000 1.000
        - 0.300 1.000 1.000
        - 0.400 1.000 1.000
        - 0.500 1.000 1.000
        - 0.600 1.000 1.000
        - 0.700 1.000 1.000
        - 0.800 1.000 1.000
        - 0.900 1.000 1.000
        - 1.000 1.000 1.000

    TPW:
      red:
        - 0.000 0.078 0.078
        - 0.091 0.051 0.051
        - 0.182 0.051 0.051
        - 0.273 0.031 0.031
        - 0.364 0.639 0.639
        - 0.455 0.918 0.918
        - 0.545 0.988 0.988
        - 0.636 0.992 0.992
        - 0.727 0.565 0.565
        - 0.818 0.984 0.984
        - 0.909 0.565 0.565
        - 1.000 0.961 0.961
      green:
        - 0.000 0.106 0.106
        - 0.091 0.208 0.208
        - 0.182 0.298 0.298
        - 0.273 0.706 0.706
        - 0.364 0.533 0.533
        - 0.455 1.000 1.000
        - 0.545 0.278 0.278
        - 0.636 0.686 0.686
        - 0.727 0.004 0.004
        - 0.818 0.008 0.008
        - 0.909 0.004 0.004
        - 1.000 0.004 0.004
      blue:
        - 0.000 0.094 0.094
        - 0.091 0.345 0.345
        - 0.182 0.047 0.047
        - 0.273 0.012 0.012
        - 0.364 0.000 0.000
        - 0.455 0.000 0.000
        - 0.545 0.000 0.000
        - 0.636 0.000 0.000
        - 0.727 0.000 0.000
        - 0.818 0.000 0.000
        - 0.909 0.710 0.710
        - 1.000 0.949 0.949

    Temperature:
      red:
        - 0.000 0.118 0.118
        - 0.032 0.259 0.259
        - 0.065 0.463 0.463
        - 0.097 0.549 0.549
        - 0.129 0.663 0.663
        - 0.161 0.820 0.820
        - 0.194 0.918 0.918
        - 0.226 0.769 0.769
        - 0.258 0.671 0.671
        - 0.290 0.514 0.514
        - 0.323 0.349 0.349
        - 0.355 0.231 0.231
        - 0.387 0.055 0.055
        - 0.419 0.031 0.031
        - 0.452 0.129 0.129
        - 0.484 0.306 0.306
        - 0.516 0.486 0.486
        - 0.548 0.561 0.561
        - 0.581 0.643 0.643
        - 0.613 0.792 0.792
        - 0.645 0.922 0.922
        - 0.677 0.882 0.882
        - 0.710 0.855 0.855
        - 0.742 0.820 0.820
        - 0.774 0.780 0.780
        - 0.806 0.592 0.592
        - 0.839 0.420 0.420
        - 0.871 0.310 0.310
        - 0.903 0.247 0.247
        - 0.935 0.188 0.188
        - 0.968 0.318 0.318
        - 1.000 0.471 0.471
      green:
        - 0.000 0.149 0.149
        - 0.032 0.282 0.282
        - 0.065 0.529 0.529
        - 0.097 0.631 0.631
        - 0.129 0.776 0.776
        - 0.161 0.898 0.898
        - 0.194 0.906 0.906
        - 0.226 0.608 0.608
        - 0.258 0.322 0.322
        - 0.290 0.157 0.157
        - 0.323 0.125 0.125
        - 0.355 0.110 0.110
        - 0.387 0.098 0.098
        - 0.419 0.169 0.169
        - 0.452 0.294 0.294
        - 0.484 0.561 0.561
        - 0.516 0.847 0.847
        - 0.548 0.933 0.933
        - 0.581 0.925 0.925
        - 0.613 0.929 0.929
        - 0.645 0.918 0.918
        - 0.677 0.725 0.725
        - 0.710 0.549 0.549
        - 0.742 0.298 0.298
        - 0.774 0.204 0.204
        - 0.806 0.149 0.149
        - 0.839 0.094 0.094
        - 0.871 0.059 0.059
        - 0.903 0.039 0.039
        - 0.935 0.024 0.024
        - 0.968 0.298 0.298
        - 1.000 0.478 0.478
      blue:
        - 0.000 0.306 0.306
        - 0.032 0.502 0.502
        - 0.065 0.749 0.749
        - 0.097 0.804 0.804
        - 0.129 0.886 0.886
        - 0.161 0.933 0.933
        - 0.194 0.925 0.925
        - 0.226 0.753 0.753
        - 0.258 0.608 0.608
        - 0.290 0.498 0.498
        - 0.323 0.518 0.518
        - 0.355 0.522 0.522
        - 0.387 0.537 0.537
        - 0.419 0.820 0.820
        - 0.452 0.906 0.906
        - 0.484 0.910 0.910
        - 0.516 0.925 0.925
        - 0.548 0.804 0.804
        - 0.581 0.604 0.604
        - 0.613 0.357 0.357
        - 0.645 0.294 0.294
        - 0.677 0.235 0.235
        - 0.710 0.188 0.188
        - 0.742 0.129 0.129
        - 0.774 0.110 0.110
        - 0.806 0.071 0.071
        - 0.839 0.039 0.039
        - 0.871 0.020 0.020
        - 0.903 0.012 0.012
        - 0.935 0.008 0.008
        - 0.968 0.278 0.278
        - 1.000 0.467 0.467
      alpha:
        - 0.000 1.000 1.000
        - 0.032 1.000 1.000
        - 0.065 1.000 1.000
        - 0.097 1.000 1.000
        - 0.129 1.000 1.000
        - 0.161 1.000 1.000
        - 0.194 1.000 1.000
        - 0.226 1.000 1.000
        - 0.258 1.000 1.000
        - 0.290 1.000 1.000
        - 0.323 1.000 1.000
        - 0.355 1.000 1.000
        - 0.387 1.000 1.000
        - 0.419 1.000 1.000
        - 0.452 1.000 1.000
        - 0.484 1.000 1.000
        - 0.516 1.000 1.000
        - 0.548 1.000 1.000
        - 0.581 1.000 1.000
        - 0.613 1.000 1.000
        - 0.645 1.000 1.000
        - 0.677 1.000 1.000
        - 0.710 1.000 1.000
        - 0.742 1.000 1.000
        - 0.774 1.000 1.000
        - 0.806 1.000 1.000
        - 0.839 1.000 1.000
        - 0.871 1.000 1.000
        - 0.903 1.000 1.000
        - 0.935 1.000 1.000
        - 0.968 1.000 1.000
        - 1.000 1.000 1.000

    Vorticity:
      red:
        - 0.000 1.000 1.000
        - 0.125 1.000 1.000
        - 0.250 1.000 1.000
        - 0.375 0.804 0.804
        - 0.500 1.000 1.000
        - 0.625 0.933 0.933
        - 0.750 0.980 0.980
        - 0.875 0.784 0.784
        - 1.000 0.588 0.588
      green:
        - 0.000 1.000 1.000
        - 0.125 1.000 1.000
        - 0.250 0.843 0.843
        - 0.375 0.522 0.522
        - 0.500 0.498 0.498
        - 0.625 0.251 0.251
        - 0.750 0.000 0.000
        - 0.875 0.000 0.000
        - 1.000 0.000 0.000
      blue:
        - 0.000 1.000 1.000
        - 0.125 0.000 0.000
        - 0.250 0.000 0.000
        - 0.375 0.000 0.000
        - 0.500 0.000 0.000
        - 0.625 0.000 0.000
        - 0.750 0.000 0.000
        - 0.875 0.000 0.000
        - 1.000 0.000 0.000
      alpha:
        - 0.000 0.000 0.000
        - 0.125 1.000 1.000
        - 0.250 1.000 1.000
        - 0.375 1.000 1.000
        - 0.500 1.000 1.000
        - 0.625 1.000 1.000
        - 0.750 1.000 1.000
        - 0.875 1.000 1.000
        - 1.000 1.000 1.000

    WaterVapor:
      red:
        - 0.000 1.000 1.000
        - 0.500 0.000 0.000
        - 1.000 0.000 0.000
      green:
        - 0.000 1.000 1.000
        - 0.500 0.000 0.000
        - 1.000 0.745 0.745
      blue:
        - 0.000 1.000 1.000
        - 0.500 1.000 1.000
        - 1.000 0.000 0.000
      alpha:
        - 0.000 0.000 0.000
        - 0.500 1.000 1.000
        - 1.000 1.000 1.000

    WaterVapor2:
      red:
        - 0.000 1.000 1.000
        - 0.250 1.000 1.000
        - 0.500 1.000 1.000
        - 0.750 0.000 0.000
        - 1.000 0.000 0.000
      green:
        - 0.000 0.000 0.000
        - 0.250 1.000 1.000
        - 0.500 1.000 1.000
        - 0.750 0.000 0.000
        - 1.000 0.745 0.745
      blue:
        - 0.000 0.000 0.000
        - 0.250 0.000 0.000
        - 0.500 1.000 1.000
        - 0.750 1.000 1.000
        - 1.000 0.000 0.000
      alpha:
        - 0.000 1.000 1.000
        - 0.250 1.000 1.000
        - 0.500 0.000 0.000
        - 0.750 1.000 1.000
        - 1.000 1.000 1.000

    WindSpeed:
      red:
        - 0.000 0.000 0.000
        - 0.250 0.435 0.435
        - 0.500 0.988 0.988
        - 0.750 0.922 0.922
        - 1.000 0.455 0.455
      green:
        - 0.000 0.063 0.063
        - 0.250 0.984 0.984
        - 0.500 0.992 0.992
        - 0.750 0.220 0.220
        - 1.000 0.078 0.078
      blue:
        - 0.000 0.525 0.525
        - 0.250 0.973 0.973
        - 0.500 0.333 0.333
        - 0.750 0.141 0.141
        - 1.000 0.047 0.047
      alpha:
        - 0.000 0.000 0.000
        - 0.125 0.500 0.500
        - 0.250 0.800 0.800
        - 0.500 1.000 1.000
        - 0.750 1.000 1.000
        - 1.000 1.000 1.000

