    EPV:
      red:
        - 0.000 1.000 1.000
        - 0.036 0.902 0.902
        - 0.071 0.808 0.808
        - 0.107 0.714 0.714
        - 0.143 0.612 0.612
        - 0.179 0.529 0.529
        - 0.214 0.447 0.447
        - 0.250 0.369 0.369
        - 0.286 0.282 0.282
        - 0.321 0.282 0.282
        - 0.357 0.282 0.282
        - 0.393 0.286 0.286
        - 0.429 0.302 0.302
        - 0.464 0.471 0.471
        - 0.500 0.643 0.643
        - 0.536 0.812 0.812
        - 0.571 0.980 0.980
        - 0.607 0.976 0.976
        - 0.643 0.969 0.969
        - 0.679 0.965 0.965
        - 0.714 0.957 0.957
        - 0.750 0.925 0.925
        - 0.786 0.894 0.894
        - 0.821 0.859 0.859
        - 0.857 0.820 0.820
        - 0.893 0.757 0.757
        - 0.929 0.698 0.698
        - 0.964 0.635 0.635
        - 1.000 0.573 0.573
      green:
        - 0.000 1.000 1.000
        - 0.036 0.961 0.961
        - 0.071 0.925 0.925
        - 0.107 0.890 0.890
        - 0.143 0.851 0.851
        - 0.179 0.776 0.776
        - 0.214 0.706 0.706
        - 0.250 0.631 0.631
        - 0.286 0.557 0.557
        - 0.321 0.596 0.596
        - 0.357 0.631 0.631
        - 0.393 0.671 0.671
        - 0.429 0.710 0.710
        - 0.464 0.761 0.761
        - 0.500 0.812 0.812
        - 0.536 0.863 0.863
        - 0.571 0.906 0.906
        - 0.607 0.784 0.784
        - 0.643 0.663 0.663
        - 0.679 0.541 0.541
        - 0.714 0.412 0.412
        - 0.750 0.341 0.341
        - 0.786 0.267 0.267
        - 0.821 0.192 0.192
        - 0.857 0.122 0.122
        - 0.893 0.110 0.110
        - 0.929 0.102 0.102
        - 0.964 0.090 0.090
        - 1.000 0.082 0.082
      blue:
        - 0.000 1.000 1.000
        - 0.036 0.992 0.992
        - 0.071 0.984 0.984
        - 0.107 0.976 0.976
        - 0.143 0.965 0.965
        - 0.179 0.922 0.922
        - 0.214 0.878 0.878
        - 0.250 0.835 0.835
        - 0.286 0.780 0.780
        - 0.321 0.655 0.655
        - 0.357 0.529 0.529
        - 0.393 0.400 0.400
        - 0.429 0.275 0.275
        - 0.464 0.294 0.294
        - 0.500 0.318 0.318
        - 0.536 0.341 0.341
        - 0.571 0.357 0.357
        - 0.607 0.310 0.310
        - 0.643 0.259 0.259
        - 0.679 0.212 0.212
        - 0.714 0.161 0.161
        - 0.750 0.161 0.161
        - 0.786 0.157 0.157
        - 0.821 0.157 0.157
        - 0.857 0.157 0.157
        - 0.893 0.141 0.141
        - 0.929 0.125 0.125
        - 0.964 0.114 0.114
        - 1.000 0.098 0.098
