#WP  Lon[+-180]  Lat[+-90]  Speed[m/s]  delayT[min]  Altitude[m]  CumLegT[H]  UTC[H]  LocalT[H]  LegT[H]  Dist[km]  CumDist[km]  Dist[nm]  CumDist[nm]  Speed[kt]  Altitude[kft]  SZA[deg]  AZI[deg]  Bearing[deg]  Climbt[min]  Comments
1   +14.64528333  -22.97971667  150.00  0    95.0   0.00  7.00  8.00  0.00  0.0    0.0    0.0    0.0    291.6 nan  66.6  110.5  36.4  0    None  
2   +13.40000000  -21.40000000  160.00  0    7500.0  0.49  7.49  8.49  0.49  217.7  217.7  117.6  117.6  311.0 24.61  60.8  113.0  33.9  29   None  
3   +9.00000000  -15.00000000  175.00  0    7500.0  1.84  8.84  9.84  1.35  850.7  1068.5  459.4  576.9  340.2 24.61  44.5  118.7  0.0  0    None  
4   +9.00000000  -12.00000000  175.00  0    7500.0  2.37  9.37  10.37  0.53  334.0  1402.4  180.3  757.2  340.2 24.61  36.3  122.1  90.2  0    None  
5   +6.89809883  -12.00000000  145.00  0    1000.0  2.80  9.80  10.80  0.44  228.9  1631.3  123.6  880.8  281.9 3.28  32.7  126.6  90.1  21   None  
6   +5.89809883  -12.00000000  130.00  0    2000.0  3.04  10.04  11.04  0.23  108.9  1740.2  58.8   939.6  252.7 6.56  30.8  129.5  90.7  3    None  
7   -0.81131125  -11.99990587  137.50  1    1000.0  4.54  11.54  12.54  1.50  730.5  2470.7  394.5  1334.1  267.3 3.28  21.4  158.7  269.2  3    None  
8   +6.54087428  -12.00000000  130.00  0    1000.0  6.25  13.25  14.25  1.71  800.5  3271.2  432.3  1766.3  252.7 3.28  32.1  232.7  270.0  0    None  
9   +6.89809883  -12.00000000  130.00  0    2000.0  6.33  13.33  14.33  0.08  38.9   3310.1  21.0   1787.3  252.7 6.56  33.4  234.5  269.8  3    None  
10  +9.00000000  -12.00000000  160.00  0    7500.0  6.74  13.74  14.74  0.41  228.9  3539.0  123.6  1910.9  311.0 24.61  40.3  241.9  180.0  21   None  
11  +9.00000000  -15.00000000  175.00  0    7500.0  7.27  14.27  15.27  0.53  334.0  3873.0  180.3  2091.2  340.2 24.61  48.5  244.6  212.5  0    None  
12  +13.40000000  -21.40000000  175.00  0    7500.0  8.62  15.62  16.62  1.35  850.7  4723.7  459.4  2550.6  340.2 24.61  72.6  253.8  215.9  0    None  
13  +14.64528333  -22.97971667  175.00  0    95.0   9.03  16.03  17.03  0.41  217.7  4941.4  117.6  2668.2  340.2 0.31  79.6  256.7  216.4  24   None  
