attribute:

  colorbar:

    BW:
        -   0   0   0
        -   0   0   0
        - 255 255 255
        - 255 255 255

    Clouds_Hgh:
        - 198 198 198
        - 216 216 216
        - 234 234 234
        - 252 252 252

    Clouds_Low:
        -   0   0   0
        -  72  72  72
        -  90  90  90
        - 108 108 108

    Clouds_Mid:
        - 126 126 126
        - 144 144 144
        - 162 162 162
        - 180 180 180

    EPRainbow:
        - 255 255 255
        - 190 190 225
        - 100 100 205
        -   0 160 195
        -   0 200 200
        -   0 210 140
        -   0 220   0
        - 160 230  50
        - 230 220  50
        - 230 175  45
        - 240 130  40
        - 250  60  60
        - 240   0 130

    Rainbow02:
        - 190 190 225
        - 100 100 205
        -   0 160 195
        -   0 200 200
        -   0 210 140
        -   0 220   0
        - 160 230  50
        - 230 220  50
        - 230 175  45
        - 240 130  40
        - 250  60  60
        - 240   0 130

    allgray:
        - 128 128 128
        - 153 153 153
        - 179 179 179
        - 204 204 204

    comp02:
        -   0 255 255
        - 209 204  66
        - 216 131  47
        - 170  55  25

    comp03:
        -   0   0   0
        - 209 204  66
        - 216 131  47
        - 170  55  25

    comp04:
        -  13 152 186
        - 209 204  66
        - 216 131  47
        - 170  55  25

    composition:
        - 162 198 231
        -  62 157 218
        -  46 123 186
        -  48  92 155
        -  70 142 114
        - 123 175 101
        - 175 199 119
        - 254 243 166
        - 240 209  88
        - 227 182  82
        - 211 138  78
        - 190  65  58
        - 144  37  40

    fire01:
